  0.1418	  0.0951
  0.1547	  0.1067
  0.1676	  0.1183
  0.1805	  0.1299
  0.1934	  0.1415
  0.2063	  0.1508
  0.2192	  0.1624
  0.2320	  0.1740
  0.2449	  0.1856
  0.2578	  0.1972
  0.2707	  0.2088
  0.2836	  0.2204
  0.2965	  0.2297
  0.3094	  0.2413
  0.3223	  0.2529
  0.3352	  0.2622
  0.3481	  0.2738
  0.3610	  0.2854
  0.3739	  0.2970
  0.3867	  0.3063
  0.3996	  0.3179
  0.4125	  0.3295
  0.4254	  0.3387
  0.4383	  0.3503
  0.4512	  0.3596
  0.4641	  0.3712
  0.4770	  0.3805
  0.4899	  0.3898
  0.5028	  0.4014
  0.5157	  0.4107
  0.5285	  0.4223
  0.5414	  0.4315
  0.5543	  0.4408
  0.5672	  0.4524
  0.5801	  0.4617
  0.5930	  0.4710
  0.6059	  0.4803
  0.6188	  0.4919
  0.6317	  0.4988
  0.6446	  0.5104
  0.6575	  0.5197
  0.6704	  0.5290
  0.6832	  0.5360
  0.6961	  0.5476
  0.7090	  0.5545
  0.7219	  0.5638
  0.7348	  0.5708
  0.7477	  0.5800
  0.7606	  0.5893
  0.7735	  0.5986
  0.7864	  0.6079
  0.7993	  0.6125
  0.8122	  0.6218
  0.8250	  0.6311
  0.8379	  0.6404
  0.8508	  0.6450
  0.8637	  0.6543
  0.8766	  0.6636
  0.8895	  0.6682
  0.9024	  0.6775
  0.9153	  0.6821
  0.9282	  0.6914
  0.9411	  0.6984
  0.9540	  0.7053
  0.9668	  0.7100
  0.9797	  0.7193
  0.9926	  0.7239
  1.0055	  0.7309
  1.0184	  0.7378
  1.0313	  0.7425
  1.0442	  0.7494
  1.0571	  0.7564
  1.0700	  0.7610
  1.0829	  0.7680
  1.0958	  0.7726
  1.1087	  0.7773
  1.1215	  0.7842
  1.1344	  0.7889
  1.1473	  0.7935
  1.1602	  0.7981
  1.1731	  0.8028
  1.1860	  0.8074
  1.1989	  0.8121
  1.2118	  0.8167
  1.2247	  0.8190
  1.2376	  0.8237
  1.2505	  0.8283
  1.2634	  0.8329
  1.2762	  0.8353
  1.2891	  0.8399
  1.3020	  0.8422
  1.3149	  0.8469
  1.3278	  0.8492
  1.3407	  0.8515
  1.3536	  0.8561
  1.3665	  0.8561
  1.3794	  0.8608
  1.3923	  0.8608
  1.4052	  0.8654
  1.4180	  0.8654
  1.4309	  0.8701
  1.4438	  0.8701
  1.4567	  0.8701
  1.4696	  0.8747
  1.4825	  0.8747
  1.4954	  0.8747
  1.5083	  0.8747
  1.5341	  0.8793
  1.5470	  0.8793
  1.5599	  0.8793
  1.5727	  0.8793
  1.5856	  0.8793
  1.5985	  0.8793
  1.6114	  0.8793
  1.6243	  0.8793
  1.6372	  0.8793
  1.6501	  0.8793
  1.6630	  0.8793
  1.6759	  0.8747
  1.6888	  0.8747
  1.7017	  0.8747
  1.7145	  0.8747
  1.7274	  0.8701
  1.7403	  0.8701
  1.7661	  0.8654
  1.7790	  0.8654
  1.7919	  0.8608
  1.8048	  0.8585
  1.8177	  0.8561
  1.8306	  0.8515
  1.8435	  0.8515
  1.8564	  0.8469
  1.8692	  0.8446
  1.8821	  0.8422
  1.8950	  0.8376
  1.9079	  0.8329
  1.9208	  0.8329
  1.9337	  0.8260
  1.9466	  0.8237
  1.9595	  0.8190
  1.9724	  0.8144
  1.9853	  0.8097
  1.9982	  0.8074
  2.0110	  0.8028
  2.0239	  0.7981
  2.0368	  0.7935
  2.0497	  0.7865
  2.0626	  0.7819
  2.0755	  0.7749
  2.0884	  0.7703
  2.1013	  0.7657
  2.1142	  0.7587
  2.1271	  0.7541
  2.1400	  0.7471
  2.1529	  0.7425
  2.1657	  0.7378
  2.1786	  0.7285
  2.1915	  0.7239
  2.2044	  0.7146
  2.2173	  0.7100
  2.2302	  0.7030
  2.2431	  0.6961
  2.2560	  0.6891
  2.2689	  0.6821
  2.2818	  0.6728
  2.2947	  0.6682
  2.3076	  0.6589
  2.3204	  0.6543
  2.3333	  0.6450
  2.3462	  0.6357
  2.3591	  0.6264
  2.3720	  0.6218
  2.3849	  0.6125
  2.3978	  0.6032
  2.4107	  0.5940
  2.4236	  0.5870
  2.4365	  0.5800
  2.4494	  0.5708
  2.4622	  0.5615
  2.4751	  0.5522
  2.4880	  0.5429
  2.5009	  0.5336
  2.5138	  0.5244
  2.5267	  0.5151
  2.5396	  0.5058
  2.5525	  0.4965
  2.5654	  0.4872
  2.5783	  0.4780
  2.5912	  0.4687
  2.6041	  0.4594
  2.6169	  0.4501
  2.6298	  0.4385
  2.6427	  0.4292
  2.6556	  0.4176
  2.6685	  0.4083
  2.6814	  0.3991
  2.6943	  0.3875
  2.7072	  0.3782
  2.7201	  0.3666
  2.7330	  0.3573
  2.7459	  0.3480
  2.7587	  0.3364
  2.7716	  0.3248
  2.7845	  0.3155
  2.7974	  0.3039
  2.8103	  0.2923
  2.8232	  0.2831
  2.8361	  0.2715
  2.8490	  0.2599
  2.8619	  0.2506
  2.8748	  0.2390
  2.8877	  0.2274
  2.9006	  0.2158
  2.9134	  0.2042
  2.9263	  0.1926
  2.9392	  0.1833
  2.9521	  0.1717
  2.9650	  0.1601
  2.9779	  0.1485
  2.9908	  0.1369
  3.0037	  0.1253
  3.0166	  0.1137
  3.0295	  0.1044
  3.0424	  0.0905
  3.0552	  0.0812
  3.0681	  0.0696
  3.0810	  0.0580
  3.0939	  0.0464
  3.1068	  0.0348
  3.1197	  0.0232
  3.1326	  0.0116
  3.1455	  0.0000
  3.1584	 -0.0116
  3.1713	 -0.0232
  3.1842	 -0.0348
  3.1971	 -0.0441
  3.2099	 -0.0580
  3.2228	 -0.0696
  3.2357	 -0.0812
  3.2486	 -0.0928
  3.2615	 -0.1021
  3.2744	 -0.1137
  3.2873	 -0.1276
  3.3002	 -0.1369
  3.3131	 -0.1508
  3.3260	 -0.1601
  3.3389	 -0.1717
  3.3517	 -0.1833
  3.3646	 -0.1926
  3.3775	 -0.2065
  3.3904	 -0.2158
  3.4033	 -0.2274
  3.4162	 -0.2390
  3.4291	 -0.2506
  3.4420	 -0.2622
  3.4549	 -0.2715
  3.4678	 -0.2831
  3.4807	 -0.2947
  3.4936	 -0.3063
  3.5064	 -0.3155
  3.5193	 -0.3271
  3.5322	 -0.3364
  3.5451	 -0.3480
  3.5580	 -0.3596
  3.5709	 -0.3689
  3.5838	 -0.3805
  3.5967	 -0.3898
  3.6096	 -0.4014
  3.6225	 -0.4107
  3.6354	 -0.4223
  3.6483	 -0.4315
  3.6611	 -0.4408
  3.6740	 -0.4524
  3.6869	 -0.4617
  3.6998	 -0.4733
  3.7127	 -0.4826
  3.7256	 -0.4919
  3.7385	 -0.5012
  3.7514	 -0.5104
  3.7643	 -0.5197
  3.7772	 -0.5290
  3.7901	 -0.5383
  3.8029	 -0.5476
  3.8158	 -0.5568
  3.8287	 -0.5661
  3.8416	 -0.5754
  3.8545	 -0.5847
  3.8674	 -0.5940
  3.8803	 -0.6032
  3.8932	 -0.6125
  3.9061	 -0.6195
  3.9190	 -0.6264
  3.9319	 -0.6357
  3.9448	 -0.6450
  3.9576	 -0.6543
  3.9705	 -0.6589
  3.9834	 -0.6682
  3.9963	 -0.6775
  4.0092	 -0.6845
  4.0221	 -0.6914
  4.0350	 -0.7007
  4.0479	 -0.7053
  4.0608	 -0.7146
  4.0737	 -0.7193
  4.0866	 -0.7285
  4.0994	 -0.7332
  4.1123	 -0.7425
  4.1252	 -0.7471
  4.1381	 -0.7564
  4.1510	 -0.7610
  4.1639	 -0.7680
  4.1768	 -0.7726
  4.1897	 -0.7796
  4.2026	 -0.7842
  4.2155	 -0.7912
  4.2284	 -0.7958
  4.2413	 -0.8028
  4.2541	 -0.8074
  4.2670	 -0.8121
  4.2799	 -0.8167
  4.2928	 -0.8214
  4.3057	 -0.8260
  4.3186	 -0.8329
  4.3315	 -0.8376
  4.3444	 -0.8399
  4.3573	 -0.8469
  4.3702	 -0.8469
  4.3831	 -0.8538
  4.3959	 -0.8561
  4.4088	 -0.8608
  4.4217	 -0.8654
  4.4346	 -0.8701
  4.4475	 -0.8724
  4.4604	 -0.8747
  4.4733	 -0.8793
  4.4862	 -0.8793
  4.4991	 -0.8840
  4.5120	 -0.8863
  4.5249	 -0.8886
  4.5378	 -0.8886
  4.5506	 -0.8933
  4.5635	 -0.8933
  4.5764	 -0.8979
  4.5893	 -0.8979
  4.6022	 -0.8979
  4.6151	 -0.9025
  4.6280	 -0.9025
  4.6409	 -0.9025
  4.6538	 -0.9025
  4.6667	 -0.9072
  4.6796	 -0.9072
  4.6924	 -0.9072
  4.7053	 -0.9072
  4.7182	 -0.9072
  4.7311	 -0.9072
  4.7440	 -0.9072
  4.7569	 -0.9072
  4.7698	 -0.9072
  4.7827	 -0.9072
  4.7956	 -0.9072
  4.8085	 -0.9025
  4.8214	 -0.9025
  4.8343	 -0.9025
  4.8471	 -0.9025
  4.8600	 -0.8979
  4.8729	 -0.8979
  4.8858	 -0.8979
  4.8987	 -0.8933
  4.9116	 -0.8933
  4.9245	 -0.8933
  4.9374	 -0.8886
  4.9632	 -0.8840
  4.9761	 -0.8793
  4.9890	 -0.8770
  5.0018	 -0.8747
  5.0147	 -0.8701
  5.0276	 -0.8701
  5.0405	 -0.8654
  5.0534	 -0.8608
  5.0663	 -0.8585
  5.0792	 -0.8538
  5.0921	 -0.8515
  5.1050	 -0.8469
  5.1179	 -0.8422
  5.1308	 -0.8376
  5.1436	 -0.8329
  5.1565	 -0.8283
  5.1694	 -0.8237
  5.1823	 -0.8190
  5.1952	 -0.8121
  5.2081	 -0.8074
  5.2210	 -0.8028
  5.2339	 -0.7958
  5.2468	 -0.7912
  5.2597	 -0.7865
  5.2726	 -0.7796
  5.2855	 -0.7726
  5.2983	 -0.7657
  5.3112	 -0.7610
  5.3241	 -0.7541
  5.3370	 -0.7471
  5.3499	 -0.7425
  5.3628	 -0.7332
  5.3757	 -0.7285
  5.3886	 -0.7216
  5.4015	 -0.7146
  5.4144	 -0.7053
  5.4273	 -0.7007
  5.4401	 -0.6914
  5.4530	 -0.6845
  5.4659	 -0.6775
  5.4788	 -0.6682
  5.4917	 -0.6636
  5.5046	 -0.6543
  5.5175	 -0.6450
  5.5304	 -0.6357
  5.5433	 -0.6311
  5.5562	 -0.6218
  5.5691	 -0.6125
  5.5820	 -0.6032
  5.5948	 -0.5940
  5.6077	 -0.5847
  5.6206	 -0.5754
  5.6335	 -0.5685
  5.6464	 -0.5592
  5.6593	 -0.5499
  5.6722	 -0.5406
  5.6851	 -0.5313
  5.6980	 -0.5220
  5.7109	 -0.5104
  5.7238	 -0.5012
  5.7366	 -0.4919
  5.7495	 -0.4826
  5.7624	 -0.4733
  5.7753	 -0.4640
  5.7882	 -0.4548
  5.8011	 -0.4432
  5.8140	 -0.4339
  5.8269	 -0.4223
  5.8398	 -0.4130
  5.8527	 -0.4037
  5.8656	 -0.3921
  5.8785	 -0.3805
  5.8913	 -0.3712
  5.9042	 -0.3596
  5.9171	 -0.3503
  5.9300	 -0.3387
  5.9429	 -0.3295
  5.9558	 -0.3179
  5.9687	 -0.3063
  5.9816	 -0.2947
  5.9945	 -0.2854
  6.0074	 -0.2738
  6.0203	 -0.2622
  6.0331	 -0.2529
  6.0460	 -0.2413
  6.0589	 -0.2297
  6.0718	 -0.2181
  6.0847	 -0.2065
  6.0976	 -0.1949
  6.1105	 -0.1833
  6.1234	 -0.1740
  6.1363	 -0.1624
  6.1492	 -0.1508
  6.1621	 -0.1392
  6.1750	 -0.1276
  6.1878	 -0.1160
  6.2007	 -0.1044
  6.2136	 -0.0951
  6.2265	 -0.0812
  6.2394	 -0.0696
  6.2523	 -0.0580
  6.2652	 -0.0464
  6.2781	 -0.0348
  6.2910	 -0.0255
  6.3039	 -0.0162
