   5.6500000e+02   5.7500000e+02
   2.5000000e+01   1.8500000e+02
   3.4500000e+02   7.5000000e+02
   9.4500000e+02   6.8500000e+02
   8.4500000e+02   6.5500000e+02
   8.8000000e+02   6.6000000e+02
   2.5000000e+01   2.3000000e+02
   5.2500000e+02   1.0000000e+03
   5.8000000e+02   1.1750000e+03
   6.5000000e+02   1.1300000e+03
   1.6050000e+03   6.2000000e+02
   1.2200000e+03   5.8000000e+02
   1.4650000e+03   2.0000000e+02
   1.5300000e+03   5.0000000e+00
   8.4500000e+02   6.8000000e+02
   7.2500000e+02   3.7000000e+02
   1.4500000e+02   6.6500000e+02
   4.1500000e+02   6.3500000e+02
   5.1000000e+02   8.7500000e+02
   5.6000000e+02   3.6500000e+02
   3.0000000e+02   4.6500000e+02
   5.2000000e+02   5.8500000e+02
   4.8000000e+02   4.1500000e+02
   8.3500000e+02   6.2500000e+02
   9.7500000e+02   5.8000000e+02
   1.2150000e+03   2.4500000e+02
   1.3200000e+03   3.1500000e+02
   1.2500000e+03   4.0000000e+02
   6.6000000e+02   1.8000000e+02
   4.1000000e+02   2.5000000e+02
   4.2000000e+02   5.5500000e+02
   5.7500000e+02   6.6500000e+02
   1.1500000e+03   1.1600000e+03
   7.0000000e+02   5.8000000e+02
   6.8500000e+02   5.9500000e+02
   6.8500000e+02   6.1000000e+02
   7.7000000e+02   6.1000000e+02
   7.9500000e+02   6.4500000e+02
   7.2000000e+02   6.3500000e+02
   7.6000000e+02   6.5000000e+02
   4.7500000e+02   9.6000000e+02
   9.5000000e+01   2.6000000e+02
   8.7500000e+02   9.2000000e+02
   7.0000000e+02   5.0000000e+02
   5.5500000e+02   8.1500000e+02
   8.3000000e+02   4.8500000e+02
   1.1700000e+03   6.5000000e+01
   8.3000000e+02   6.1000000e+02
   6.0500000e+02   6.2500000e+02
   5.9500000e+02   3.6000000e+02
   1.3400000e+03   7.2500000e+02
   1.7400000e+03   2.4500000e+02
